%YAML:1.0
---
point2d:
   - [ 727., 446. ]
   - [ 1006., 439. ]
   - [ 1115., 456. ]
   - [ 928., 522. ]
   - [ 688., 6.2987500000000000e+02 ]
point3d:
   - [ -6.7022216796875000e+02, 4.4316015625000000e+03,
       2.2297419433593750e+03 ]
   - [ -4.1317541503906250e+02, 5.9085761718750000e+03,
       -1.0857283782958984e+02 ]
   - [ -3.8691577148437500e+02, 5.5330522460937500e+03,
       -9.8301501464843750e+02 ]
   - [ -1.2940140380859375e+03, 6.1940600585937500e+03,
       4.0918188476562500e+02 ]
   - [ -1.5985477294921875e+03, 4.1643466796875000e+03,
       2.3418603515625000e+03 ]
